time (s)	energy (uJ)	charge (mC)	voltage (mV)	crossing#mod 255
6703.173642	7.249557	15.975911	0.453781	117
6704.191541	15.681547	15.984116	0.981071	118
6705.241898	9.893392	15.979154	0.619144	119
6706.248055	14.550910	15.932957	0.913259	120
6707.312318	9.227674	15.978365	0.577511	121
6708.320997	15.771022	15.977445	0.987080	122
6709.379724	8.499014	15.978569	0.531901	123
6710.394491	13.113817	15.960207	0.821657	124
6711.446529	10.397094	15.949151	0.651890	125
6712.464321	14.327011	15.963360	0.897493	126
6713.517345	10.284099	15.965067	0.644163	127
6714.536624	13.594259	15.967233	0.851385	128
6715.585978	11.193332	15.959557	0.701356	129
6716.606219	13.528709	15.969130	0.847179	130
6717.659707	10.127197	15.938823	0.635379	131
6718.671788	12.896207	15.972145	0.807419	132
6719.736342	12.534500	15.960767	0.785332	133
6720.738717	13.325233	15.969519	0.834417	134
6721.813338	10.698131	15.933770	0.671412	135
6722.799247	12.424289	15.944436	0.779224	136
6723.891149	10.388008	15.960443	0.650860	137
6724.862291	13.209121	15.969292	0.827158	138
6725.969271	11.426605	15.948314	0.716477	139
6726.925606	12.098093	15.932791	0.759320	140
6728.046238	10.040576	15.940122	0.629893	141
6728.992906	12.249257	15.927046	0.769085	142
6730.117244	10.222034	15.955374	0.640664	143
6731.062224	13.486265	15.941351	0.845993	144
6732.186991	8.935543	15.965807	0.559667	145
6733.136514	13.404728	15.961032	0.839841	146
6734.255565	9.063531	15.962510	0.567801	147
6735.207976	13.609159	15.956952	0.852867	148
6736.322425	8.114794	15.966474	0.508240	149
6737.281070	14.474082	15.957219	0.907055	150
6738.390638	8.638825	15.956478	0.541399	151
6739.353855	14.034325	15.964813	0.879079	152
6740.460693	9.265336	15.962448	0.580446	153
6741.437137	15.367287	15.874484	0.968050	154
6742.530511	8.884905	15.960908	0.556667	155
6743.493152	13.985432	15.960917	0.876230	156
6744.602196	8.962976	15.961584	0.561534	157
6745.560731	14.806067	15.940804	0.928816	158
6746.674596	8.858293	15.954757	0.555213	159
6747.628164	14.101621	15.954609	0.883859	160
6748.747323	8.933798	15.962332	0.559680	161
6749.695544	13.474234	15.962543	0.844116	162
6750.818252	9.037596	15.872602	0.569383	163
6751.763324	13.005135	15.934094	0.816183	164
6752.886613	10.744677	15.960256	0.673215	165
6753.836997	12.707529	15.962761	0.796073	166
6754.954016	10.840432	15.953786	0.679490	167
6755.910253	12.189465	15.925660	0.765398	168
6757.018513	11.113122	15.952466	0.696640	169
6757.987106	12.319688	15.956074	0.772100	170
6759.082284	11.041508	15.959369	0.691851	171
6760.063630	12.161491	15.947097	0.762615	172
6761.145909	10.825551	15.959424	0.678317	173
6762.139212	12.115638	15.925538	0.760768	174
6763.210732	11.705585	15.951491	0.733824	175
6764.215931	12.218987	15.930907	0.766999	176
6765.277003	10.847197	15.952121	0.679985	177
6766.287427	12.622562	15.952898	0.791240	178
6767.344832	10.686318	15.915266	0.671451	179
6768.358372	12.477300	15.948556	0.782347	180
6769.427950	12.422358	15.948090	0.778925	181
6770.429968	12.401690	15.952611	0.777408	182
6771.481053	11.088336	15.953216	0.695053	183
6772.501120	12.866741	15.927747	0.807819	184
6773.553063	11.293239	15.955095	0.707814	185
6774.570682	12.556898	15.920368	0.788732	186
6775.621593	10.853917	15.959475	0.680092	187
6776.641007	12.131825	15.928771	0.761630	188
6777.692703	10.369904	15.951954	0.650071	189
6778.710818	12.078176	15.951919	0.757161	190
6779.763784	10.616009	15.949576	0.665598	191
6780.780050	12.444697	15.937091	0.780864	192
6781.832963	10.879992	15.937361	0.682672	193
6782.848891	12.605610	15.962063	0.789723	194
6783.903937	10.863456	15.952748	0.680977	195
6784.916429	12.092071	15.955601	0.757858	196
6785.976819	10.947905	15.961126	0.685911	197
6786.982877	12.107810	15.958761	0.758694	198
6788.049592	10.782784	15.921732	0.677237	199
6789.048574	11.334770	15.949272	0.710676	200
6790.124417	11.636376	15.945108	0.729777	201
6791.114527	12.267652	15.958342	0.768730	202
6792.198505	10.778977	15.951727	0.675725	203
6793.177610	12.380095	15.957278	0.775828	204
6794.275131	10.712721	15.951019	0.671601	205
6795.243393	11.869756	15.945691	0.744386	206
6796.350501	10.632218	15.954832	0.666395	207
6797.307160	11.948033	15.934874	0.749804	208
6798.423022	10.315301	15.940599	0.647109	209
6799.375072	12.390654	15.932348	0.777704	210
6800.493435	9.976994	15.956397	0.625266	211
6801.445206	11.573224	15.948400	0.725667	212
6802.564141	9.804303	15.951445	0.614634	213
6803.515840	11.523388	15.948236	0.722549	214
6804.633590	9.039041	15.956079	0.566495	215
6805.586945	11.850684	15.944186	0.743261	216
6806.700978	8.802625	15.948291	0.551948	217
6807.658576	11.935423	15.941763	0.748689	218
6808.784088	10.496200	15.867666	0.661484	219
6809.728721	11.839502	15.959141	0.741863	220
6810.839028	10.039554	15.956182	0.629195	221
6811.798077	11.449182	15.938784	0.718322	222
6812.909902	8.859604	15.949574	0.555476	223
6813.868943	11.808318	15.955267	0.740089	224
6814.980961	9.017577	15.948915	0.565404	225
6815.935552	12.002283	15.951945	0.752402	226
6817.050984	9.812997	15.954576	0.615058	227
6818.005020	11.927411	15.923010	0.749068	228
6819.122486	10.244333	15.946528	0.642418	229
6820.072453	11.268797	15.922702	0.707719	230
6821.191450	10.011106	15.946040	0.627811	231
6822.143699	10.877170	15.946079	0.682122	232
6823.258504	10.652097	15.943848	0.668101	233
6824.216575	10.846698	15.933904	0.680731	234
6825.325745	10.142743	15.942544	0.636206	235
6826.289742	10.608615	15.940390	0.665518	236
6827.389289	10.562580	15.942444	0.662545	237
6828.364370	10.852405	15.949162	0.680437	238
6829.453681	11.356415	15.957095	0.711684	239
6830.438672	10.971786	15.955218	0.687661	240
6831.520171	11.188072	15.925654	0.702519	241
6832.513897	10.871996	15.963520	0.681053	242
6833.585763	11.136358	15.918222	0.699598	243
6834.587337	10.770885	15.947195	0.675409	244
6835.652977	11.093497	15.943512	0.695800	245
6836.674637	12.237847	15.954236	0.767059	246
6837.719647	10.705752	15.946612	0.671350	247
6838.730886	10.984115	15.937512	0.689199	248
6839.788460	10.559951	15.949009	0.662107	249
6840.800872	11.193875	15.940170	0.702243	250
6841.857286	9.662768	15.939505	0.606215	251
6842.870891	11.008655	15.947922	0.690288	252
6843.926852	10.415309	15.928640	0.653873	253
6844.941517	10.339165	15.914896	0.649653	254
6845.995640	10.113111	15.952120	0.633967	255
6847.008914	11.165789	15.952196	0.699953	0
6848.065625	10.884938	15.946476	0.682592	1
6849.077680	11.371911	15.950298	0.712959	2
6850.137298	9.819155	15.958727	0.615284	3
6851.147482	11.576869	15.937825	0.726377	4
6852.208110	10.632661	15.964520	0.666018	5
6853.215717	10.833260	15.942462	0.679522	6
6854.279151	11.246279	15.946629	0.705245	7
6855.281698	10.286897	15.943496	0.645210	8
6856.352359	10.147946	15.952860	0.636121	9
6857.346976	10.547586	15.940416	0.661688	10
6858.425692	10.706905	15.908266	0.673040	11
6859.413586	10.333893	15.932524	0.648604	12
6860.500487	10.614206	15.949615	0.665484	13
6861.478915	10.487625	15.870429	0.660828	14
6862.573829	10.543127	15.941975	0.661344	15
6863.558217	11.672733	15.944850	0.732069	16
6864.647446	10.307213	15.943687	0.646476	17
6865.607956	10.619727	15.917027	0.667193	18
6866.719758	10.498763	15.939230	0.658674	19
6867.676541	10.928840	15.938082	0.685706	20
6868.791325	10.385733	15.933665	0.651811	21
6869.744483	10.277971	15.920444	0.645583	22
6870.860850	9.780236	15.953486	0.613047	23
6871.815447	10.334916	15.941943	0.648285	24
6872.930443	9.394300	15.941747	0.589289	25
6873.885684	10.196507	15.950058	0.639277	26
6874.998533	9.454317	15.928086	0.593563	27
6875.957119	10.118784	15.947154	0.634520	28
6877.067497	9.079561	15.932016	0.569894	29
6878.025724	11.112410	15.945377	0.696905	30
6879.137918	9.429838	15.933125	0.591839	31
6880.094232	10.595702	15.939944	0.664726	32
6881.207091	9.454661	15.957124	0.592504	33
6882.164118	10.545187	15.932634	0.661861	34
6883.277052	9.813441	15.922866	0.616311	35
6884.232879	10.079548	15.950699	0.631919	36
6885.347205	9.520519	15.938870	0.597315	37
6886.302293	9.687116	15.931396	0.608052	38
6887.416820	9.710845	15.931927	0.609521	39
6888.371881	9.960219	15.943816	0.624707	40
6889.484733	9.564526	15.941385	0.599981	41
6890.443188	10.350898	15.905182	0.650788	42
6891.552129	9.470566	15.938045	0.594211	43
6892.514717	9.672489	15.939911	0.606810	44
6893.617785	10.243285	15.941173	0.642568	45
6894.589200	9.948263	15.940574	0.624084	46
6895.682415	10.621325	15.945322	0.666109	47
6896.661522	10.457198	15.910954	0.657233	48
6897.748009	10.466736	15.905416	0.658061	49
6898.735052	9.409975	15.922232	0.590996	50
6899.814449	10.449598	15.912194	0.656704	51
6900.808890	9.807393	15.909045	0.616466	52
6901.879908	10.919903	15.944880	0.684853	53
6902.881549	9.900463	15.947248	0.620826	54
6903.948170	10.333660	15.925762	0.648864	55
6904.952318	9.617509	15.947124	0.603087	56
6906.015052	10.301766	15.946047	0.646039	57
6907.022958	9.310063	15.938157	0.584137	58
6908.083048	10.154126	15.946529	0.636761	59
6909.093701	9.902025	15.935924	0.621365	60
6910.152256	10.018659	15.937658	0.628616	61
6911.162962	10.429541	15.947353	0.653998	62
6912.221522	9.354914	15.933607	0.587118	63
6913.232912	10.047476	15.938430	0.630393	64
6914.292000	9.962333	15.901090	0.626519	65
6915.301303	9.942862	15.944034	0.623610	66
6916.377107	11.422382	15.940716	0.716554	67
6917.368468	9.857176	15.954000	0.617850	68
6918.433023	10.319271	15.939243	0.647413	69
6919.435447	9.763090	15.954734	0.611924	70
6920.503873	10.213366	15.939721	0.640749	71
6921.503095	9.683328	15.949669	0.607118	72
6922.576403	10.143208	15.911097	0.637493	73
6923.569733	9.709846	15.936155	0.609297	74
6924.649438	10.895142	15.901708	0.685156	75
6925.634522	9.957371	15.945427	0.624466	76
6926.723438	9.891194	15.945640	0.620307	77
6927.700699	9.873482	15.943252	0.619289	78
6928.796046	10.329359	15.938334	0.648083	79
6929.765857	9.337379	15.895378	0.587427	80
6930.869287	10.435111	15.937544	0.654750	81
6931.832366	9.458098	15.928799	0.593773	82
6932.941737	9.536238	15.942472	0.598166	83
6933.914683	10.607717	15.942422	0.665377	84
6935.011879	9.262709	15.908142	0.582262	85
6935.968201	9.477798	15.910713	0.595687	86
6937.082052	9.704137	15.900383	0.610308	87
6938.037489	9.043724	15.853064	0.570472	88
6939.150067	9.892882	15.932174	0.620937	89
6940.107479	9.202902	15.907487	0.578526	90
6941.219222	10.083476	15.923772	0.633234	91
6942.177723	8.466757	15.917543	0.531914	92
6943.289282	9.590109	15.933961	0.601866	93
6944.246131	8.790318	15.939213	0.551490	94
6945.358475	9.329160	15.950700	0.584875	95
6946.316110	9.289505	15.935614	0.582940	96
6947.428233	8.900313	15.942315	0.558282	97
6948.385011	9.279217	15.948093	0.581839	98
6949.496540	9.366303	15.940546	0.587577	99
6950.453757	9.297699	15.925667	0.583819	100
6951.565762	9.873594	15.934139	0.619650	101
6952.524074	8.737216	15.932261	0.548398	102
6953.635233	10.106521	15.945173	0.633829	103
6954.594498	8.890023	15.932938	0.557965	104
6955.702564	10.084231	15.935852	0.632802	105
6956.666358	8.461311	15.910439	0.531809	106
6957.768969	10.490255	15.947437	0.657802	107
6958.737916	9.453095	15.939343	0.593067	108
6959.834734	10.530499	15.947262	0.660333	109
6960.810903	8.592913	15.940836	0.539050	110
6961.901288	9.998042	15.938451	0.627291	111
6962.883466	9.039505	15.936001	0.567238	112
6963.966839	10.114134	15.941588	0.634450	113
6964.956491	9.700524	15.934442	0.608777	114
6966.031899	10.268584	15.936458	0.644346	115
6967.028276	9.119912	15.908383	0.573277	116
6968.099769	9.967895	15.946391	0.625088	117
6969.100175	9.160230	15.937579	0.574757	118
6970.166843	10.058541	15.941058	0.630983	119
6971.170624	9.460617	15.934630	0.593714	120
6972.234864	9.867950	15.931687	0.619391	121
6973.242146	9.498278	15.926050	0.596399	122
6974.303798	9.821764	15.948359	0.615848	123
6975.311059	9.217516	15.904100	0.579569	124
6976.373266	10.332118	15.937312	0.648297	125
6977.378779	9.161093	15.937661	0.574808	126
6978.444167	9.547020	15.941659	0.598872	127
6979.463241	10.106580	15.943046	0.633918	128
6980.513435	9.324848	15.915643	0.585892	129
6981.516429	8.493023	15.941416	0.532765	130
6982.584227	9.441297	15.929684	0.592686	131
6983.583442	8.821244	15.905657	0.554598	132
6984.655902	9.733412	15.938498	0.610686	133
6985.650932	7.737552	15.931828	0.485666	134
6986.728617	9.357584	15.949082	0.586716	135
6987.715522	8.207772	15.910791	0.515862	136
6988.800799	9.023411	15.925821	0.566590	137
6989.781846	8.128287	15.937705	0.510004	138
6990.871436	9.889286	15.941399	0.620353	139
6991.847742	8.381341	15.939861	0.525810	140
6992.945916	9.650604	15.901733	0.606890	141
6993.914714	8.035994	15.935018	0.504298	142
6995.016791	9.251154	15.937621	0.580460	143
6995.981921	8.262251	15.931510	0.518611	144
6997.088279	9.781174	15.922582	0.614296	145
6998.048311	8.250958	15.901437	0.518881	146
6999.159218	10.281504	15.931423	0.645360	147
7000.117587	7.539270	15.932852	0.473190	148
7001.228497	9.527101	15.923828	0.598292	149
7002.186037	7.973873	15.933079	0.500460	150
7003.298211	9.118185	15.909374	0.573133	151
7004.256601	8.058313	15.942101	0.505474	152
7005.366407	9.244809	15.939377	0.579998	153
7006.325509	8.652784	15.944110	0.542695	154
7007.437092	9.185770	15.935827	0.576423	155
7008.393278	9.082246	15.927000	0.570242	156
7009.505862	9.360576	15.945782	0.587025	157
7010.463917	7.909071	15.915402	0.496944	158
7011.574896	9.700652	15.928724	0.609004	159
7012.532915	8.359345	15.930865	0.524726	160
7013.644350	9.903327	15.940481	0.621269	161
7014.600857	7.736825	15.920321	0.485972	162
7015.712959	9.398852	15.926955	0.590122	163
7016.672504	7.937988	15.933274	0.498202	164
7017.780779	9.462585	15.923998	0.594234	165
7018.742179	8.291300	15.937545	0.520237	166
7019.848876	9.354163	15.932094	0.587127	167
7020.813787	8.544646	15.930667	0.536365	168
7021.915366	9.487527	15.945071	0.595013	169
7022.887581	7.507411	15.934077	0.471154	170
7023.980007	10.325532	15.886291	0.649965	171
7024.958429	8.005095	15.904616	0.503319	172
7026.047046	9.663702	15.945414	0.606049	173
7027.031280	8.354178	15.938474	0.524152	174
7028.112800	10.190297	15.900988	0.640859	175
7029.102967	8.477719	15.939558	0.531867	176
