time (s)	theta (A)	maj axis/z0	min axis/z0	crossing#mod 255
7457.635298	161.166092	0.685987	-0.196054	75
7459.708855	161.141144	0.690070	-0.193709	77
7461.779210	160.781982	0.693840	-0.192256	79
7463.844638	159.854706	0.697240	-0.189796	81
7465.904705	158.442795	0.697468	-0.188589	83
7467.963771	156.909088	0.689850	-0.189646	85
7470.025082	156.111664	0.681980	-0.190327	87
7472.102980	156.502151	0.682039	-0.190142	89
7474.187686	157.443771	0.690356	-0.187760	91
7476.269354	158.553146	0.700748	-0.184826	93
7478.347691	159.245102	0.708996	-0.181354	95
7480.416005	159.266052	0.714464	-0.179183	97
7482.482463	158.583298	0.715988	-0.177697	99
7484.545890	157.632492	0.714342	-0.176665	101
7486.610961	156.709641	0.712367	-0.176389	103
7488.677427	156.017380	0.710871	-0.175847	105
7490.747211	155.546967	0.711456	-0.174802	107
7492.818077	155.544159	0.712591	-0.173344	109
7494.891235	155.727402	0.713579	-0.171468	111
7496.966491	156.413300	0.716384	-0.168755	113
7499.041317	157.321777	0.719536	-0.166856	115
7501.117557	158.174957	0.724568	-0.165353	117
7503.191482	158.727188	0.730135	-0.164710	119
7505.264398	158.689682	0.735101	-0.165574	121
7507.328996	157.419922	0.738500	-0.167071	123
7509.389456	155.373810	0.736790	-0.168318	125
7511.449922	153.345322	0.731303	-0.168500	127
7513.514965	152.305862	0.725705	-0.166122	129
7515.586530	152.564941	0.724660	-0.162369	131
7517.664440	153.786819	0.728031	-0.158683	133
7519.743134	155.271866	0.734772	-0.156728	135
7521.820362	156.417725	0.742628	-0.155312	137
7523.893848	156.882385	0.747731	-0.154667	139
7525.966189	156.870590	0.750756	-0.154028	141
7528.036816	156.702408	0.752294	-0.152734	143
7530.105835	156.381012	0.754341	-0.151831	145
7532.174036	155.887711	0.756082	-0.150842	147
7534.239899	155.223007	0.757399	-0.149968	149
7536.303136	154.357147	0.756728	-0.149478	151
7538.364965	153.393692	0.752329	-0.149463	153
7540.428931	152.850632	0.745820	-0.149706	155
7542.497524	152.704651	0.740789	-0.149916	157
7544.572876	152.909027	0.742566	-0.149478	159
7546.651431	153.432541	0.749014	-0.148101	161
7548.730884	154.040985	0.758673	-0.146412	163
7550.807121	154.606934	0.766448	-0.144077	165
7552.879700	154.997925	0.771082	-0.142131	167
7554.949598	155.064590	0.773868	-0.140417	169
7557.017090	154.863693	0.774851	-0.138844	171
7559.083489	154.555847	0.775992	-0.139068	173
7561.152408	154.343536	0.774545	-0.137772	175
7563.221095	154.169388	0.773415	-0.136474	177
7565.290685	154.137360	0.773174	-0.135296	179
7567.361773	154.220566	0.773074	-0.134039	181
7569.433456	154.474518	0.772865	-0.132913	183
7571.505729	154.748856	0.776282	-0.132146	185
7573.577815	154.929413	0.778786	-0.131518	187
7575.648650	154.939896	0.781411	-0.131152	189
7577.716839	154.513016	0.783667	-0.131599	191
7579.782711	153.662521	0.783845	-0.132234	193
7581.845941	152.477051	0.783772	-0.132841	195
7583.909343	151.220978	0.780999	-0.132860	197
7585.972162	150.144089	0.774945	-0.131856	199
7588.038838	149.564758	0.772420	-0.130393	201
7590.109914	149.804184	0.771603	-0.127875	203
7592.184091	150.525879	0.773883	-0.125511	205
7594.259504	151.430618	0.779311	-0.123934	207
7596.333000	152.088470	0.785128	-0.122745	209
7598.406886	152.498047	0.787332	-0.121584	211
7600.477987	152.604599	0.790529	-0.120748	213
7602.547188	152.532654	0.793801	-0.120351	215
7604.615283	152.065659	0.795913	-0.119902	217
7606.681469	151.610519	0.795537	-0.119273	219
7608.746157	151.058456	0.793444	-0.118893	221
7610.810635	150.610748	0.789040	-0.118909	223
7612.876663	150.277298	0.783784	-0.118804	225
7614.945856	150.217361	0.781619	-0.118895	227
7617.018971	150.309753	0.782831	-0.118924	229
7619.095095	150.538483	0.788164	-0.118165	231
7621.171815	150.872009	0.793587	-0.116525	233
7623.247554	151.206116	0.799077	-0.115015	235
7625.321396	151.583435	0.804128	-0.113435	237
7627.393166	151.868958	0.806724	-0.111752	239
7629.463617	152.095840	0.810037	-0.110402	241
7631.533414	152.199478	0.811504	-0.109495	243
7633.602728	152.219467	0.811946	-0.108707	245
7635.672016	152.256302	0.812096	-0.108071	247
7637.741656	152.233582	0.814107	-0.107574	249
7639.811325	152.217697	0.815101	-0.107178	251
7641.881021	152.209213	0.816235	-0.106750	253
7643.950586	152.119965	0.817113	-0.106204	255
7646.019185	151.906494	0.819062	-0.105864	1
7648.086778	151.495514	0.820761	-0.105963	3
7650.152482	150.773224	0.819650	-0.106345	5
7652.216861	150.010132	0.817318	-0.106385	7
7654.280225	149.087509	0.813326	-0.106362	9
7656.344069	148.246613	0.808542	-0.106293	11
7658.409639	147.780563	0.804841	-0.105061	13
7660.477821	147.538147	0.801862	-0.104018	15
7662.548878	147.848175	0.802537	-0.102327	17
7664.621870	148.353226	0.805521	-0.100456	19
7666.694960	148.868561	0.810385	-0.099126	21
7668.767328	149.175903	0.814305	-0.098509	23
7670.838554	149.425797	0.817382	-0.097723	25
7672.908315	149.368408	0.819483	-0.097238	27
7674.976496	149.205368	0.819970	-0.096638	29
7677.043501	148.969574	0.819566	-0.096257	31
7679.109593	148.644760	0.816406	-0.095765	33
7681.175769	148.471375	0.813643	-0.095445	35
7683.243326	148.254898	0.812188	-0.096004	37
7685.312824	148.220337	0.811307	-0.096087	39
7687.384029	148.218262	0.809574	-0.095989	41
7689.458487	148.266800	0.812297	-0.095668	43
7691.533542	148.436707	0.817474	-0.094517	45
7693.608089	148.606339	0.821941	-0.093676	47
7695.681516	148.838196	0.826236	-0.092389	49
7697.754135	149.130447	0.830681	-0.091284	51
7699.825200	149.343704	0.832825	-0.090198	53
7701.895384	149.431046	0.835073	-0.089570	55
7703.965017	149.511826	0.835629	-0.089344	57
7706.034599	149.569595	0.836656	-0.088687	59
7708.103977	149.538574	0.837023	-0.087879	61
7710.172873	149.458984	0.838408	-0.087698	63
7712.241253	149.365631	0.839657	-0.087377	65
7714.309176	149.079346	0.839279	-0.087027	67
7716.376385	148.738190	0.838676	-0.086892	69
7718.442136	148.260101	0.837695	-0.086907	71
7720.506818	147.657852	0.835735	-0.087202	73
7722.571140	147.012589	0.833152	-0.087419	75
