crossing time (s)	slope (V/s)	crossing number
6288.034450	1.748697	5620
6289.007999	2.120724	5621
6290.109479	1.972841	5622
6291.065520	2.044223	5623
6292.189034	2.308927	5624
6293.121034	1.655032	5625
6294.252354	1.859481	5626
6295.208128	1.855622	5627
6296.318508	2.410929	5628
6297.273188	1.869309	5629
6298.381431	2.342595	5630
6299.358045	1.873178	5631
6300.440430	2.062061	5632
6301.433707	1.441721	5633
6302.506681	2.416932	5634
6303.507041	1.826246	5635
6304.571517	2.271837	5636
6305.583070	1.828514	5637
6306.641907	2.091462	5638
6307.648338	1.457067	5639
6308.711304	2.531794	5640
6309.711831	1.974165	5641
6310.786199	2.217460	5642
6311.782093	1.753673	5643
6312.862180	2.253809	5644
6313.844271	1.848823	5645
6314.936125	2.322597	5646
6315.903482	1.540213	5647
6317.016259	2.165279	5648
6317.968498	2.095194	5649
6319.088648	2.286192	5650
6320.034420	1.769368	5651
6321.158146	1.824851	5652
6322.116007	2.105807	5653
6323.220837	2.257913	5654
6324.186598	1.959918	5655
6325.283527	2.132032	5656
6326.266251	2.099819	5657
6327.343212	2.200174	5658
6328.342491	2.177418	5659
6329.406910	2.010315	5660
6330.418721	1.854659	5661
6331.469694	2.332991	5662
6332.493194	2.097729	5663
6333.537003	2.114423	5664
6334.561362	2.003275	5665
6335.606967	2.329557	5666
6336.636587	1.933271	5667
6337.674054	2.247338	5668
6338.703201	2.070312	5669
6339.745209	2.238883	5670
6340.772497	1.791136	5671
6341.813347	2.422483	5672
6342.845196	1.963013	5673
6343.883526	2.185466	5674
6344.911397	1.969851	5675
6345.953251	2.336493	5676
6346.982943	1.897859	5677
6348.022329	2.269165	5678
6349.051890	2.199612	5679
6350.094359	2.200246	5680
6351.117010	1.970397	5681
6352.167463	2.379159	5682
6353.184223	2.196041	5683
6354.241877	2.203424	5684
6355.246849	2.243513	5685
6356.319667	2.229540	5686
6357.309080	2.187944	5687
6358.399745	2.124423	5688
6359.372024	2.199526	5689
6360.475454	2.176622	5690
6361.434032	2.239666	5691
6362.549503	2.290275	5692
6363.500237	2.099493	5693
6364.617956	2.261144	5694
6365.572865	2.042935	5695
6366.685009	2.427041	5696
6367.644512	1.960227	5697
6368.748844	2.466509	5698
6369.720643	1.920933	5699
6370.812249	2.359429	5700
6371.797040	1.872417	5701
6372.877950	2.644681	5702
6373.870278	1.901371	5703
6374.943483	2.425270	5704
6375.942043	1.888763	5705
6377.013014	2.485078	5706
6378.011046	1.871485	5707
6379.081605	2.617903	5708
6380.078885	1.919699	5709
6381.155187	2.475216	5710
6382.145716	1.984920	5711
6383.228816	2.463683	5712
6384.209125	2.030864	5713
6385.303281	2.465127	5714
6386.272757	1.980172	5715
6387.377001	2.426049	5716
6388.338118	2.182389	5717
6389.451541	2.395044	5718
6390.406188	2.084209	5719
6391.521491	2.280895	5720
6392.478608	2.241245	5721
6393.587823	2.429678	5722
6394.552418	2.260070	5723
6395.652207	2.353915	5724
6396.628714	2.225857	5725
6397.714051	2.387945	5726
6398.703857	2.332418	5727
6399.777613	2.357007	5728
6400.778695	2.264577	5729
6401.841202	2.533545	5730
6402.853166	2.330745	5731
6403.907585	2.396215	5732
6404.925240	2.214627	5733
6405.974804	2.484652	5734
6406.996487	2.285570	5735
6408.042764	2.450861	5736
6409.067143	2.241613	5737
6410.111941	2.408738	5738
6411.136944	2.188396	5739
6412.181195	2.475566	5740
6413.206531	2.319023	5741
6414.251740	2.372552	5742
6415.274325	2.332443	5743
6416.323198	2.520528	5744
6417.342136	2.314847	5745
6418.395073	2.489945	5746
6419.408994	2.350175	5747
6420.468088	2.329941	5748
6421.474228	2.402599	5749
6422.544563	2.422974	5750
6423.537837	2.337424	5751
6424.619516	2.382338	5752
6425.601378	2.326860	5753
6426.695471	2.358440	5754
6427.666229	2.354252	5755
6428.769620	2.323082	5756
6429.730975	2.289250	5757
6430.841494	2.442120	5758
6431.798643	2.244384	5759
6432.910765	2.479502	5760
6433.869543	2.148835	5761
6434.976615	2.507333	5762
6435.942361	2.153625	5763
6437.041512	2.674711	5764
6438.016283	2.102944	5765
6439.106968	2.558606	5766
6440.091051	2.092124	5767
6441.172484	2.563164	5768
6442.163673	2.078267	5769
6443.238750	2.646216	5770
6444.234211	2.101270	5771
6445.309297	2.642220	5772
6446.303152	2.075257	5773
6447.379912	2.774795	5774
6448.370404	2.067506	5775
6449.450877	2.571344	5776
6450.436406	2.060584	5777
6451.523545	2.572055	5778
6452.502093	2.142658	5779
6453.597531	2.620616	5780
6454.567885	2.185542	5781
6455.670688	2.477797	5782
6456.634812	2.210694	5783
6457.742402	2.553609	5784
6458.703641	2.307458	5785
6459.811351	2.507033	5786
6460.775861	2.368464	5787
6461.877586	2.477933	5788
6462.849056	2.368328	5789
6463.943307	2.495076	5790
6464.923079	2.358849	5791
6466.008147	2.500226	5792
6466.997531	2.447036	5793
6468.072041	2.497734	5794
6469.071234	2.392824	5795
6470.137191	2.489871	5796
6471.143590	2.465554	5797
6472.204464	2.555101	5798
6473.215445	2.447048	5799
6474.271954	2.493321	5800
6475.286414	2.437222	5801
6476.340434	2.557505	5802
6477.355809	2.463192	5803
6478.409854	2.517199	5804
6479.425195	2.455766	5805
6480.480630	2.558158	5806
6481.492662	2.448088	5807
6482.551807	2.572494	5808
6483.559802	2.481995	5809
6484.624990	2.526222	5810
6485.626425	2.456877	5811
6486.698220	2.560517	5812
6487.691620	2.482537	5813
6488.772633	2.494540	5814
6489.757195	2.424927	5815
6490.845858	2.531537	5816
6491.821883	2.405143	5817
6492.919893	2.513048	5818
6493.888150	2.420095	5819
6494.991451	2.627099	5820
6495.955561	2.316765	5821
6497.061173	2.607667	5822
6498.025135	2.394082	5823
6499.128110	2.676104	5824
6500.096678	2.281842	5825
6501.195313	2.692552	5826
6502.169194	2.165914	5827
6503.261165	2.696035	5828
6504.241999	2.188359	5829
6505.327563	2.671693	5830
6506.314600	2.258831	5831
6507.394185	2.713953	5832
6508.386049	2.199714	5833
6509.463653	2.740087	5834
6510.456802	2.205735	5835
6511.533122	2.767844	5836
6512.525421	2.244829	5837
6513.603564	2.703494	5838
6514.592357	2.216072	5839
6515.674711	2.722896	5840
6516.658636	2.271387	5841
6517.748538	2.769693	5842
6518.724729	2.304461	5843
6519.819756	2.668730	5844
6520.791234	2.309561	5845
6521.891999	2.698801	5846
6522.859550	2.368290	5847
6523.962194	2.686328	5848
6524.929186	2.319457	5849
6526.030881	2.549168	5850
6527.000862	2.388542	5851
6528.098681	2.549150	5852
6529.073042	2.457899	5853
6530.165689	2.582074	5854
6531.145250	2.527233	5855
6532.231035	2.593000	5856
6533.218779	2.486353	5857
6534.296284	2.560804	5858
6535.289465	2.554616	5859
6536.364286	2.689509	5860
6537.363526	2.521123	5861
6538.430727	2.673969	5862
6539.433895	2.557871	5863
6540.499746	2.694368	5864
6541.504146	2.526096	5865
6542.568563	2.615339	5866
6543.572747	2.531659	5867
6544.638980	2.649441	5868
6545.641593	2.579103	5869
6546.709898	2.624872	5870
6547.709095	2.658127	5871
6548.782070	2.697970	5872
6549.775472	2.575869	5873
6550.854994	2.655696	5874
6551.841844	2.603050	5875
6552.927156	2.628039	5876
6553.907704	2.509476	5877
6555.000094	2.682855	5878
6555.974449	2.506577	5879
6557.071172	2.459255	5880
6558.041088	2.476497	5881
6559.142516	2.683488	5882
6560.110522	2.399585	5883
6561.211155	2.766008	5884
6562.180474	2.353028	5885
6563.277716	2.713689	5886
6564.251745	2.348908	5887
6565.345480	2.800576	5888
6566.323765	2.306200	5889
6567.411435	2.839057	5890
6568.396714	2.349125	5891
6569.477735	2.846237	5892
6570.469119	2.319672	5893
6571.544941	2.856213	5894
6572.538831	2.301863	5895
6573.613989	2.847605	5896
6574.608847	2.364860	5897
6575.683765	2.812416	5898
6576.677116	2.336623	5899
6577.754767	2.829862	5900
6578.744519	2.351005	5901
6579.825320	2.750964	5902
6580.811996	2.375915	5903
6581.898120	2.840326	5904
6582.878969	2.388865	5905
6583.970067	2.720495	5906
6584.946393	2.440038	5907
6586.041288	2.806695	5908
6587.015317	2.443972	5909
6588.111038	2.695768	5910
6589.084640	2.479325	5911
6590.179567	2.750016	5912
6591.155607	2.575220	5913
6592.247728	2.651309	5914
6593.227495	2.507309	5915
6594.314961	2.828523	5916
6595.299704	2.678324	5917
6596.381361	2.793778	5918
6597.371761	2.546548	5919
6598.448186	2.740551	5920
6599.443301	2.588468	5921
6600.514967	2.707258	5922
6601.513975	2.687838	5923
6602.583621	2.718409	5924
6603.584241	2.628731	5925
6604.652926	2.693980	5926
6605.654174	2.626549	5927
6606.722334	2.681794	5928
6607.722479	2.617771	5929
6608.793249	2.670083	5930
