time (s)	energy (uJ)	charge (mC)	voltage (mV)	crossing#mod 255
5072.505885	4.397637	7.456727	0.589754	113
5073.450267	6.289998	7.475767	0.841385	114
5074.575834	4.225109	7.454282	0.566803	115
5075.518208	6.187613	7.455025	0.829992	116
5076.642261	4.235194	7.470335	0.566935	117
5077.592332	6.091280	7.488490	0.813419	118
5078.706226	5.150093	7.476328	0.688853	119
5079.668217	6.200619	7.476402	0.829359	120
5080.767175	4.813536	7.486856	0.642932	121
5081.749048	5.618813	7.471551	0.752028	122
5082.824620	5.206552	7.478039	0.696246	123
5083.839978	6.145162	7.447135	0.825171	124
5084.884786	4.965032	7.463364	0.665254	125
5085.904424	6.327136	7.471559	0.846829	126
5086.953765	4.395909	7.453936	0.589743	127
5087.967225	7.051898	7.459715	0.945331	128
5089.038021	3.471507	7.458210	0.465461	129
5090.020182	7.454938	7.459052	0.999449	130
5091.131184	2.697378	7.456599	0.361744	131
5092.082071	8.028450	7.477901	1.073624	132
5093.212207	3.032718	7.471328	0.405914	133
5094.134078	7.007392	7.456161	0.939812	134
5095.282045	4.854805	7.458660	0.650895	135
5096.215547	5.971098	7.436281	0.802968	136
5097.322940	5.389404	7.460103	0.722430	137
5098.306674	5.950818	7.454467	0.798289	138
5099.375428	5.564466	7.455549	0.746352	139
5100.397942	6.396689	7.475756	0.855658	140
5101.438090	5.199182	7.469748	0.696032	141
5102.458509	6.684732	7.469586	0.894927	142
5103.509641	4.197868	7.483994	0.560913	143
5104.522050	6.929712	7.459916	0.928926	144
5105.586913	4.094787	7.468790	0.548253	145
5106.584320	7.387219	7.453126	0.991157	146
5107.664969	3.224840	7.467148	0.431870	147
5108.648182	7.254302	7.458743	0.972590	148
5109.740371	3.603522	7.459751	0.483062	149
5110.712712	7.561610	7.467350	1.012623	150
5111.812589	3.399864	7.458145	0.455859	151
5112.780749	7.453153	7.463233	0.998649	152
5113.882613	3.221782	7.473305	0.431105	153
5114.851064	7.116205	7.446926	0.955590	154
5115.948505	3.583210	7.465301	0.479982	155
5116.924358	7.543345	7.449262	1.012630	156
5118.012139	3.733893	7.483018	0.498982	157
5118.998669	7.125259	7.473127	0.953451	158
5120.073769	3.995289	7.457460	0.535744	159
5121.085774	7.546503	7.469270	1.010340	160
5122.136365	4.292925	7.465987	0.574998	161
5123.158897	7.140940	7.469119	0.956062	162
5124.202623	4.660471	7.473693	0.623583	163
5125.218189	6.138172	7.480572	0.820549	164
5126.275086	5.468564	7.465302	0.732531	165
5127.279760	6.298220	7.460525	0.844206	166
5128.355922	5.295774	7.444261	0.711390	167
5129.336401	6.089111	7.445941	0.817776	168
5130.439767	5.095413	7.450553	0.683897	169
5131.389696	6.639666	7.480031	0.887652	170
5132.520434	4.192002	7.463002	0.561705	171
5133.464958	7.501038	7.460666	1.005411	172
5134.591015	4.043870	7.468899	0.541428	173
5135.530044	7.208663	7.447917	0.967876	174
5136.649915	3.566231	7.421398	0.480534	175
5137.624449	7.711161	7.447875	1.035351	176
5138.705746	4.028299	7.475452	0.538870	177
5139.693445	7.211232	7.453053	0.967554	178
5140.763162	4.785136	7.470787	0.640513	179
5141.769696	6.899047	7.466504	0.924000	180
5142.827587	4.729015	7.463532	0.633616	181
5143.840015	6.556399	7.471719	0.877495	182
5144.895717	5.369345	7.463815	0.719383	183
5145.910327	6.541870	7.462351	0.876650	184
5146.966412	5.431235	7.472561	0.726824	185
5147.977829	6.558269	7.441592	0.881299	186
5149.035814	5.251622	7.456963	0.704258	187
5150.046951	6.458870	7.459179	0.865896	188
5151.105592	5.359816	7.476715	0.716868	189
5152.116652	6.283451	7.431187	0.845551	190
5153.173134	5.396771	7.463874	0.723052	191
5154.186505	6.535915	7.475473	0.874315	192
5155.241307	5.015102	7.470667	0.671306	193
5156.257101	6.249970	7.457457	0.838083	194
5157.311064	5.202115	7.454667	0.697833	195
5158.325242	6.635506	7.465423	0.888832	196
5159.383313	4.988426	7.439332	0.670548	197
5160.389006	7.175036	7.452060	0.962826	198
5161.461858	4.185595	7.476280	0.559850	199
5162.449844	7.600063	7.456191	1.019296	200
5163.545192	3.929387	7.471423	0.525922	201
5164.504960	7.623479	7.460903	1.021791	202
5165.627673	3.849414	7.471812	0.515192	203
5166.563937	7.602533	7.492021	1.014751	204
5167.701063	4.626014	7.479651	0.618480	205
5168.641477	7.261062	7.450598	0.974561	206
5169.775018	5.201119	7.459321	0.697264	207
5170.708614	6.301085	7.454419	0.845282	208
5171.820954	5.608331	7.458556	0.751933	209
5172.791953	6.055852	7.449428	0.812928	210
5173.878152	5.847017	7.459461	0.783839	211
5174.871850	6.142320	7.452464	0.824200	212
5175.947648	6.312810	7.462105	0.845982	213
5176.947938	6.255286	7.458778	0.838648	214
5178.004492	5.637010	7.459793	0.755652	215
5179.019109	6.413327	7.456409	0.860109	216
5180.072067	5.525328	7.468772	0.739791	217
5181.088236	6.636353	7.454844	0.890207	218
5182.143041	5.184073	7.475801	0.693447	219
5183.156836	6.482969	7.486006	0.866012	220
5184.213241	5.313645	7.475292	0.710828	221
5185.224277	6.793135	7.449507	0.911891	222
5186.283236	5.122302	7.462546	0.686401	223
5187.294006	7.011899	7.459315	0.940019	224
5188.351368	4.908173	7.472636	0.656820	225
5189.361665	6.930243	7.469594	0.927794	226
5190.418797	5.229887	7.471983	0.699933	227
5191.432801	6.614454	7.462372	0.886374	228
5192.489161	5.593993	7.466222	0.749240	229
5193.502723	6.507952	7.450734	0.873465	230
5194.559498	5.667814	7.464077	0.759346	231
5195.569866	6.311492	7.450902	0.847078	232
5196.632088	5.627697	7.472435	0.753128	233
5197.633610	5.504415	7.461297	0.737729	234
5198.708804	6.054713	7.420890	0.815901	235
5199.693943	6.409123	7.457378	0.859434	236
5200.789552	5.734800	7.455276	0.769227	237
5201.751291	6.389942	7.465199	0.855964	238
5202.868023	5.324407	7.454859	0.714220	239
5203.813222	6.609062	7.474121	0.884260	240
5204.941896	4.794596	7.453420	0.643275	241
5205.881037	6.659779	7.466466	0.891959	242
5207.011605	4.372392	7.450408	0.586866	243
5207.951804	7.345318	7.453183	0.985528	244
5209.073734	4.486248	7.464853	0.600983	245
5210.032474	7.426721	7.474286	0.993636	246
5211.133323	4.457848	7.478950	0.596053	247
5212.110911	7.138647	7.449789	0.958235	248
5213.194118	4.511687	7.465433	0.604344	249
5214.187183	7.347404	7.454979	0.985570	250
5215.255694	4.818320	7.475657	0.644535	251
5216.259989	6.803306	7.459067	0.912085	252
5217.321554	5.052839	7.481253	0.675400	253
5218.330839	7.098661	7.458404	0.951767	254
5219.389565	5.049693	7.463806	0.676557	255
5220.400709	6.943013	7.455109	0.931309	0
5221.469609	5.660625	7.471519	0.757627	1
5222.468247	6.891514	7.486112	0.920573	2
5223.529332	5.257283	7.469215	0.703860	3
5224.537425	6.933934	7.459418	0.929554	4
5225.600926	4.965438	7.485929	0.663303	5
5226.603536	7.004157	7.454526	0.939584	6
5227.674491	4.901761	7.478355	0.655460	7
5228.667195	7.402416	7.479598	0.989681	8
5229.750847	4.608878	7.472659	0.616766	9
5230.727291	7.515831	7.471982	1.005868	10
5231.830442	4.350879	7.480145	0.581657	11
5232.788120	7.234109	7.466089	0.968929	12
5233.908649	4.454492	7.454094	0.597590	13
5234.849090	7.254120	7.445407	0.974308	14
5235.980897	4.792964	7.463891	0.642154	15
5236.916587	6.837855	7.451987	0.917588	16
5238.047652	5.126879	7.466627	0.686639	17
5238.989463	6.609163	7.447326	0.887455	18
5240.108651	5.975942	7.463835	0.800653	19
5241.068931	6.131675	7.455299	0.822459	20
5242.167327	5.876809	7.472044	0.786506	21
5243.147305	6.159251	7.461507	0.825470	22
5244.228782	6.088368	7.443993	0.817890	23
5245.223684	6.400173	7.472663	0.856478	24
5246.292030	6.147678	7.468700	0.823126	25
5247.297461	6.257286	7.456861	0.839131	26
5248.358073	6.280429	7.451505	0.842840	27
5249.368003	6.491017	7.441092	0.872320	28
5250.425367	5.809253	7.468883	0.777794	29
5251.438859	6.678250	7.448388	0.896603	30
5252.493970	6.068063	7.456439	0.813802	31
5253.507580	6.529934	7.449023	0.876616	32
5254.563912	5.605401	7.441604	0.753252	33
5255.576634	6.583390	7.449986	0.883678	34
5256.642980	6.529094	7.479959	0.872878	35
5257.645092	6.485327	7.468027	0.868412	36
5258.702716	6.115186	7.453950	0.820395	37
5259.712916	6.220614	7.447532	0.835258	38
5260.773877	6.034837	7.463774	0.808550	39
5261.779218	6.225461	7.447616	0.835900	40
5262.847195	6.205605	7.482389	0.829361	41
5263.842110	6.325083	7.443138	0.849787	42
5264.923307	6.001098	7.460109	0.804425	43
5265.903036	6.638247	7.476443	0.887888	44
5267.000946	6.100172	7.469535	0.816674	45
5267.964316	6.464358	7.469792	0.865400	46
5269.077859	5.579606	7.465291	0.747406	47
5270.025128	6.341024	7.451135	0.851015	48
5271.151547	5.463298	7.453855	0.732949	49
5272.092365	6.807038	7.478761	0.910183	50
5273.222026	5.057987	7.450576	0.678872	51
5274.164372	7.224620	7.458173	0.968685	52
5275.287953	4.698806	7.441333	0.631447	53
5276.239713	7.113181	7.475155	0.951576	54
5277.350211	4.994440	7.467972	0.668781	55
5278.316291	7.297324	7.466924	0.977287	56
5279.411174	5.066917	7.450702	0.680059	57
5280.392039	7.197996	7.465764	0.964134	58
5281.475218	5.159289	7.477142	0.690008	59
5282.465397	7.331367	7.458826	0.982912	60
5283.540277	4.985208	7.461339	0.668138	61
5284.536073	7.098169	7.453825	0.952286	62
5285.606503	5.268420	7.453161	0.706871	63
5286.616483	7.502140	7.472173	1.004010	64
5287.676244	5.375005	7.463510	0.720171	65
5288.673735	7.236306	7.458681	0.970186	66
5289.746673	5.359061	7.449238	0.719411	67
5290.740560	7.149141	7.457277	0.958680	68
5291.819045	4.847126	7.456225	0.650078	69
5292.805242	7.358997	7.460908	0.986341	70
5293.894245	5.094060	7.467401	0.682173	71
5294.868912	7.035639	7.466048	0.942351	72
5295.981932	5.282965	7.467870	0.707426	73
5296.929756	7.242557	7.453296	0.971725	74
5298.046345	4.817432	7.462373	0.645563	75
5298.993442	7.370868	7.473278	0.986297	76
5300.131193	5.570186	7.458783	0.746796	77
5301.059205	7.145495	7.446554	0.959571	78
5302.189683	5.361932	7.470479	0.717749	79
5303.129892	6.598480	7.480978	0.882034	80
5304.252425	5.846989	7.450107	0.784820	81
5305.204631	6.522359	7.436775	0.877041	82
5306.314186	5.993491	7.458392	0.803590	83
5307.282324	6.187249	7.475160	0.827708	84
5308.376412	6.363015	7.458244	0.853152	85
5309.359152	6.601713	7.449367	0.886211	86
5310.439494	6.444275	7.449784	0.865029	87
5311.432971	6.275628	7.469631	0.840152	88
5312.513992	6.852918	7.481168	0.916022	89
5313.505588	6.535286	7.468721	0.875021	90
5314.570088	6.610810	7.479001	0.883916	91
5315.577484	6.357453	7.443278	0.854120	92
5316.639297	6.345826	7.463691	0.850226	93
5317.646845	6.175617	7.464137	0.827372	94
5318.706872	6.144414	7.454272	0.824281	95
5319.714783	6.546470	7.452584	0.878416	96
5320.776473	6.078971	7.446137	0.816393	97
5321.781974	6.564070	7.463453	0.879495	98
5322.847542	6.375084	7.457627	0.854841	99
5323.849353	6.490742	7.458748	0.870219	100
5324.920449	6.274807	7.457110	0.841453	101
5325.914363	6.490773	7.480558	0.867686	102
5326.993544	6.143010	7.453430	0.824186	103
5327.977956	6.493907	7.468618	0.869492	104
5329.069726	6.059473	7.448312	0.813536	105
5330.039759	6.194357	7.443144	0.832223	106
5331.145679	6.146599	7.464683	0.823424	107
5332.101707	6.441461	7.458464	0.863644	108
5333.221069	5.725944	7.446501	0.768944	109
5334.166279	6.674318	7.455327	0.895242	110
5335.293111	5.674726	7.473233	0.759340	111
5336.234336	6.652687	7.468167	0.890806	112
5337.361396	5.359640	7.452823	0.719142	113
5338.305543	6.780794	7.480262	0.906492	114
5339.426716	5.309681	7.468757	0.710919	115
5340.380394	7.184155	7.465209	0.962352	116
5341.490834	5.390766	7.472546	0.721410	117
5342.454215	6.871656	7.453622	0.921922	118
5343.554251	4.926571	7.450256	0.661262	119
5344.528840	7.360915	7.454299	0.987472	120
5345.618243	5.256065	7.478224	0.702849	121
5346.601751	6.789327	7.436651	0.912955	122
5347.685113	5.095780	7.457749	0.683287	123
5348.670899	7.020998	7.437127	0.944047	124
5349.753464	5.078806	7.463217	0.680512	125
5350.740404	7.125084	7.459263	0.955199	126
5351.823641	5.239489	7.463654	0.702000	127
5352.807083	6.972293	7.444519	0.936567	128
5353.895620	5.343370	7.474758	0.714855	129
5354.874104	7.126046	7.453237	0.956101	130
5355.969276	4.831531	7.469425	0.646841	131
5356.938029	7.131666	7.459463	0.956056	132
5358.042437	5.349627	7.445511	0.718504	133
5359.001776	6.798243	7.466538	0.910495	134
5360.116905	5.092668	7.468586	0.681879	135
5361.064835	6.858502	7.462883	0.919015	136
5362.189780	5.468941	7.474752	0.731655	137
5363.131093	6.686541	7.466544	0.895534	138
5364.259789	5.681209	7.458036	0.761757	139
5365.202120	6.420103	7.443130	0.862554	140
5366.323457	5.903503	7.476010	0.789660	141
5367.274711	6.598369	7.457267	0.884824	142
5368.388524	6.059216	7.451417	0.813163	143
5369.350704	6.249715	7.469731	0.836672	144
