crossing time (s)	slope (V/s)	crossing number
3111.580620	1.467330	2653
3112.695508	1.854720	2654
3113.640644	1.153191	2655
3114.768325	1.849236	2656
3115.707246	1.171320	2657
3116.839966	1.561504	2658
3117.768762	1.481235	2659
3118.907434	1.719659	2660
3119.837630	1.334808	2661
3120.978379	1.517836	2662
3121.906909	1.520654	2663
3123.051319	1.684849	2664
3123.973201	1.238688	2665
3125.114718	1.458000	2666
3126.043382	1.445817	2667
3127.180379	1.492042	2668
3128.115836	1.620662	2669
3129.246266	1.675210	2670
3130.187553	1.318276	2671
3131.316553	1.398627	2672
3132.252858	1.583031	2673
3133.377927	1.359453	2674
3134.328277	1.578285	2675
3135.443647	1.559293	2676
3136.397635	1.346989	2677
3137.518997	1.563062	2678
3138.459235	1.534273	2679
3139.580331	1.365362	2680
3140.531197	1.604156	2681
3141.650288	1.549057	2682
3142.599505	1.431244	2683
3143.725530	1.437636	2684
3144.661300	1.456827	2685
3145.792528	1.444580	2686
3146.729365	1.493006	2687
3147.865175	1.563600	2688
3148.794735	1.424405	2689
3149.935003	1.594253	2690
3150.860128	1.320295	2691
3152.001789	1.561954	2692
3152.927871	1.427841	2693
3154.071560	1.675609	2694
3154.995795	1.302274	2695
3156.136272	1.701814	2696
3157.066501	1.349961	2697
3158.201492	1.691938	2698
3159.136498	1.337797	2699
3160.267635	1.780642	2700
3161.206705	1.230761	2701
3162.332987	1.670688	2702
3163.278832	1.241303	2703
3164.398705	1.722255	2704
3165.347991	1.215557	2705
3166.465508	1.680126	2706
3167.415983	1.247529	2707
3168.535431	1.682492	2708
3169.482648	1.327149	2709
3170.603227	1.709069	2710
3171.550090	1.223057	2711
3172.673535	1.683206	2712
3173.615571	1.263112	2713
3174.744828	1.702523	2714
3175.679026	1.241922	2715
3176.814396	1.633099	2716
3177.747486	1.315667	2717
3178.885306	1.625207	2718
3179.812781	1.399022	2719
3180.955501	1.645205	2720
3181.881980	1.329887	2721
3183.024316	1.544039	2722
3183.950750	1.417246	2723
3185.091366	1.580418	2724
3186.020317	1.445300	2725
3187.158211	1.472520	2726
3188.091502	1.475327	2727
3189.224855	1.574824	2728
3190.160658	1.401230	2729
3191.291242	1.365454	2730
3192.231016	1.479421	2731
3193.356972	1.441118	2732
3194.301632	1.591676	2733
3195.425639	1.526820	2734
3196.368871	1.421815	2735
3197.493442	1.376941	2736
3198.437026	1.571032	2737
3199.561435	1.538399	2738
3200.504458	1.456115	2739
3201.632444	1.515451	2740
3202.569151	1.391994	2741
3203.702719	1.497474	2742
3204.634575	1.546652	2743
3205.771451	1.466837	2744
3206.700973	1.406981	2745
3207.841280	1.573504	2746
3208.767675	1.370230	2747
3209.910134	1.564715	2748
3210.834948	1.427679	2749
3211.975869	1.666351	2750
3212.903741	1.296453	2751
3214.043400	1.599018	2752
3214.971621	1.316176	2753
3216.109785	1.623670	2754
3217.041309	1.310044	2755
3218.174941	1.690567	2756
3219.112343	1.246337	2757
3220.241059	1.682422	2758
3221.181720	1.280891	2759
3222.306344	1.720530	2760
3223.252641	1.233124	2761
3224.373709	1.757115	2762
3225.321711	1.281949	2763
3226.442093	1.674026	2764
3227.387509	1.312049	2765
3228.510371	1.681001	2766
3229.456662	1.221877	2767
3230.581223	1.683654	2768
3231.521198	1.303754	2769
3232.650842	1.692357	2770
3233.587931	1.206998	2771
3234.721249	1.794154	2772
3235.653533	1.374734	2773
3236.791198	1.616977	2774
3237.719433	1.377248	2775
3238.860798	1.652452	2776
3239.788176	1.385637	2777
3240.930548	1.506662	2778
3241.856642	1.414583	2779
3242.996955	1.600437	2780
3243.926795	1.358213	2781
3245.066102	1.487571	2782
3245.996910	1.453085	2783
3247.132354	1.521081	2784
3248.065462	1.430266	2785
3249.198839	1.484532	2786
3250.135779	1.439954	2787
3251.265970	1.439147	2788
3252.205368	1.455396	2789
3253.331332	1.506170	2790
3254.275568	1.533849	2791
3255.399808	1.411223	2792
3256.341488	1.460039	2793
3257.469451	1.484987	2794
3258.409648	1.492602	2795
3259.538671	1.549835	2796
3260.475334	1.483717	2797
3261.609035	1.562893	2798
3262.540669	1.475773	2799
3263.678795	1.531729	2800
3264.607951	1.421666	2801
3265.747719	1.554276	2802
3266.674116	1.411984	2803
3267.815237	1.570622	2804
3268.741444	1.412263	2805
3269.882848	1.585304	2806
3270.810175	1.356830	2807
3271.949637	1.643762	2808
3272.878546	1.382398	2809
3274.015403	1.716917	2810
3274.950126	1.303679	2811
3276.080862	1.722698	2812
3277.020929	1.285226	2813
3278.147263	1.604966	2814
3279.089317	1.272825	2815
3280.213986	1.704821	2816
3281.158892	1.263990	2817
3282.280881	1.671927	2818
3283.227460	1.248190	2819
3284.349457	1.644362	2820
3285.294726	1.265961	2821
3286.418641	1.723358	2822
3287.361816	1.273504	2823
3288.488022	1.665278	2824
3289.428882	1.286073	2825
3290.559210	1.656107	2826
3291.491618	1.339882	2827
3292.627850	1.597764	2828
3293.561351	1.370456	2829
3294.697818	1.609063	2830
3295.629004	1.358149	2831
3296.766794	1.614061	2832
3297.697164	1.355948	2833
3298.835608	1.601780	2834
3299.765947	1.417130	2835
3300.903112	1.549465	2836
3301.835776	1.455243	2837
3302.970590	1.508610	2838
3303.901890	1.502090	2839
3305.042081	1.572056	2840
3305.972138	1.435728	2841
3307.107504	1.489691	2842
3308.042217	1.378138	2843
3309.174543	1.497697	2844
3310.111461	1.418644	2845
3311.242523	1.499992	2846
3312.179787	1.463470	2847
3313.310691	1.520769	2848
3314.246828	1.460493	2849
3315.379756	1.425528	2850
3316.313865	1.400818	2851
3317.449191	1.472104	2852
3318.380445	1.481733	2853
3319.518905	1.511376	2854
3320.447530	1.363661	2855
3321.585838	1.493180	2856
3322.514571	1.325743	2857
3323.653918	1.536866	2858
3324.583725	1.341990	2859
3325.722038	1.568391	2860
3326.652205	1.330614	2861
3327.789090	1.648988	2862
3328.720008	1.369394	2863
3329.856479	1.629597	2864
3330.788199	1.349565	2865
3331.923283	1.640536	2866
3332.858403	1.368429	2867
3333.988947	1.620552	2868
3334.928099	1.318677	2869
3336.054865	1.609779	2870
3336.998147	1.291248	2871
3338.121776	1.604676	2872
3339.066680	1.257008	2873
3340.190017	1.689325	2874
3341.135354	1.247989	2875
3342.257634	1.662052	2876
3343.203292	1.253394	2877
3344.327244	1.651423	2878
3345.270392	1.250671	2879
3346.396154	1.641161	2880
3347.336544	1.311566	2881
3348.466616	1.638620	2882
3349.402978	1.318664	2883
3350.535900	1.634831	2884
3351.469517	1.321845	2885
3352.605862	1.526628	2886
3353.537522	1.352104	2887
3354.675143	1.565659	2888
3355.604550	1.375293	2889
3356.742853	1.536586	2890
3357.673535	1.378957	2891
3358.810642	1.468109	2892
3359.742298	1.388000	2893
3360.878807	1.509979	2894
3361.811959	1.402046	2895
3362.945824	1.507448	2896
3363.881286	1.487049	2897
3365.013251	1.450119	2898
3365.950619	1.415078	2899
3367.081529	1.519098	2900
3368.019131	1.424018	2901
3369.149456	1.510381	2902
3370.087002	1.443529	2903
3371.217748	1.520176	2904
3372.155428	1.417883	2905
3373.286040	1.595992	2906
3374.222995	1.311787	2907
3375.356187	1.520010	2908
3376.288500	1.453684	2909
3377.425049	1.472981	2910
3378.355749	1.423385	2911
3379.493578	1.547216	2912
3380.420712	1.360078	2913
3381.561449	1.527211	2914
3382.490213	1.416443	2915
3383.629802	1.539700	2916
3384.557900	1.350207	2917
3385.695971	1.627461	2918
3386.627330	1.358363	2919
3387.763199	1.660273	2920
3388.697011	1.375331	2921
3389.830140	1.552035	2922
3390.765434	1.374870	2923
