time (s)	energy (uJ)	charge (mC)	voltage (mV)	crossing#mod 255
5506.321284	8.195014	7.472958	1.096623	2
5507.338900	6.574345	7.450143	0.882446	3
5508.390605	7.371311	7.463548	0.987642	4
5509.407613	6.741269	7.435485	0.906635	5
5510.461156	7.468393	7.462656	1.000769	6
5511.475246	6.968293	7.467557	0.933142	7
5512.531263	7.804546	7.454866	1.046906	8
5513.539763	6.796648	7.463808	0.910614	9
5514.610821	7.541877	7.451037	1.012192	10
5515.593112	6.375469	7.466790	0.853843	11
5516.701099	6.310978	7.452835	0.846789	12
5517.644315	7.593865	7.451785	1.019067	13
5518.774393	6.809333	7.445985	0.914497	14
5519.731257	6.925052	7.469967	0.927053	15
5520.810744	7.256804	7.452813	0.973700	16
5521.823984	6.739133	7.474411	0.901627	17
5522.882918	7.389929	7.455006	0.991271	18
5523.863304	6.303236	7.446326	0.846489	19
5524.986023	6.694454	7.452932	0.898231	20
5525.928905	7.577410	7.467054	1.014779	21
5527.022522	7.068177	7.455870	0.948002	22
5528.033465	6.655083	7.456167	0.892561	23
5529.092411	7.362728	7.449455	0.988358	24
5530.066017	6.223654	7.450893	0.835290	25
5531.194993	6.084810	7.475108	0.814010	26
5532.138884	7.718457	7.455150	1.035319	27
5533.227376	7.040660	7.465047	0.943150	28
5534.239142	6.305120	7.453904	0.845882	29
5535.297933	8.094250	7.452088	1.086172	30
5536.277357	6.974751	7.467643	0.933996	31
5537.400634	6.365552	7.472683	0.851843	32
5538.337511	7.544496	7.460824	1.011215	33
5539.451591	6.875941	7.446225	0.923413	34
5540.435678	7.514391	7.455583	1.007888	35
5541.498204	7.421935	7.421415	1.000070	36
5542.514443	6.355721	7.449508	0.853173	37
5543.572394	7.710829	7.465369	1.032880	38
5544.570008	6.269804	7.472413	0.839060	39
5545.656985	6.974940	7.441541	0.937298	40
5546.623400	6.622190	7.460412	0.887644	41
5547.738111	7.223420	7.454163	0.969045	42
5548.685688	6.543940	7.441452	0.879390	43
5549.810179	7.023521	7.436550	0.944460	44
5550.754025	6.776215	7.458066	0.908575	45
5551.881313	6.674012	7.449944	0.895847	46
5552.823203	6.947852	7.432778	0.934759	47
5553.947922	7.131904	7.449563	0.957359	48
5554.897295	6.414376	7.456635	0.860224	49
5556.007275	7.708122	7.473500	1.031394	50
5556.978103	6.161894	7.464173	0.825529	51
5558.062670	7.786739	7.466930	1.042830	52
5559.064395	6.117372	7.470864	0.818831	53
5560.120329	7.782859	7.445981	1.045243	54
5561.138045	7.145882	7.463870	0.957397	55
5562.195951	6.577038	7.454085	0.882340	56
5563.187841	8.064547	7.474574	1.078931	57
5564.293679	6.201332	7.469522	0.830218	58
5565.232485	7.477932	7.452049	1.003473	59
5566.365578	6.893052	7.437904	0.926747	60
5567.318585	6.630311	7.434527	0.891827	61
5568.404346	7.882348	7.460663	1.056521	62
5569.416973	6.492348	7.473211	0.868749	63
5570.465647	7.430548	7.449323	0.997480	64
5571.471556	7.612870	7.455929	1.021049	65
5572.565591	6.424399	7.455269	0.861726	66
5573.511176	7.293566	7.444513	0.979724	67
5574.644865	6.393440	7.454519	0.857660	68
5575.589906	6.611259	7.464397	0.885706	69
5576.686910	7.803916	7.456814	1.046548	70
5577.689477	6.103701	7.447636	0.819549	71
5578.740059	7.834881	7.465482	1.049481	72
5579.770323	7.436771	7.455862	0.997440	73
5580.821525	6.340427	7.460540	0.849862	74
5581.810766	7.612059	7.470356	1.018969	75
5582.910182	6.407097	7.451018	0.859896	76
5583.863714	7.843875	7.450144	1.052849	77
5584.988994	6.169641	7.475985	0.825261	78
5585.927743	7.507576	7.460315	1.006335	79
5587.057857	7.076484	7.452800	0.949507	80
5588.009368	6.929847	7.466949	0.928069	81
5589.124488	6.716741	7.447272	0.901906	82
5590.070325	6.727934	7.446922	0.903452	83
5591.191444	7.136698	7.472978	0.955001	84
5592.140210	6.673567	7.445074	0.896374	85
5593.261554	7.150890	7.462220	0.958279	86
5594.206941	6.596762	7.450119	0.885457	87
5595.332854	6.524246	7.447798	0.875997	88
5596.275148	7.121819	7.457180	0.955029	89
5597.403540	6.520522	7.447282	0.875557	90
5598.346820	7.297946	7.472127	0.976689	91
5599.464212	6.354269	7.462891	0.851449	92
5600.429531	7.165161	7.446913	0.962165	93
5601.517522	6.853239	7.465606	0.917975	94
5602.513993	6.912091	7.454468	0.927241	95
5603.573785	7.374546	7.466686	0.987660	96
5604.589883	6.656625	7.454018	0.893025	97
5605.645207	7.306988	7.455462	0.980085	98
5606.646530	6.414076	7.479673	0.857534	99
5607.733590	7.667466	7.470488	1.026368	100
5608.694496	6.524311	7.452470	0.875456	101
5609.818765	6.452194	7.453762	0.865629	102
5610.760575	7.208935	7.467643	0.965356	103
5611.878738	6.898757	7.455891	0.925276	104
5612.846570	7.452941	7.453480	0.999928	105
5613.926752	6.827407	7.476399	0.913195	106
5614.933446	6.639383	7.457246	0.890326	107
5615.985725	7.442177	7.471322	0.996099	108
5617.002143	6.309755	7.478108	0.843764	109
5618.064840	7.557899	7.452590	1.014130	110
5619.057296	6.396225	7.447966	0.858788	111
5620.149210	7.363469	7.467577	0.986059	112
5621.111475	6.691367	7.461805	0.896749	113
5622.229473	6.743424	7.451908	0.904926	114
5623.173696	6.975340	7.447255	0.936632	115
5624.301437	6.553461	7.463905	0.878020	116
5625.244247	6.870733	7.451681	0.922038	117
5626.379189	6.853754	7.479111	0.916386	118
5627.317338	7.109644	7.443168	0.955191	119
5628.436014	6.627585	7.471751	0.887019	120
5629.387378	7.123204	7.444123	0.956890	121
5630.504127	6.397080	7.480944	0.855117	122
5631.455475	7.347070	7.451114	0.986037	123
5632.576380	6.440132	7.444682	0.865065	124
5633.522126	7.466664	7.451113	1.002087	125
5634.647185	6.590786	7.467873	0.882552	126
5635.589912	6.984497	7.476178	0.934234	127
5636.712951	6.920724	7.463473	0.927279	128
5637.664939	6.379876	7.466934	0.854417	129
5638.775348	7.095644	7.459756	0.951190	130
5639.744122	6.043697	7.467947	0.809285	131
5640.830662	7.812140	7.462699	1.046825	132
5641.830431	6.279406	7.463858	0.841308	133
5642.886763	7.622264	7.461581	1.021535	134
5643.906771	6.363779	7.470382	0.851868	135
5644.953187	7.169075	7.458069	0.961251	136
5645.971670	6.717355	7.475835	0.898542	137
5647.032926	6.633423	7.466251	0.888454	138
5648.024475	7.205345	7.452981	0.966774	139
5649.123458	6.222657	7.464114	0.833677	140
5650.077267	7.347944	7.449744	0.986335	141
5651.201576	6.380798	7.461638	0.855147	142
5652.144586	6.796120	7.448629	0.912399	143
5653.261887	7.605125	7.467958	1.018368	144
5654.225935	6.300396	7.465977	0.843881	145
5655.316713	7.296350	7.456706	0.978495	146
5656.309863	6.123240	7.439331	0.823090	147
5657.374288	7.875419	7.461668	1.055450	148
5658.387751	6.452558	7.452590	0.865814	149
5659.438068	7.499394	7.463510	1.004808	150
5660.459848	6.401485	7.435423	0.860944	151
5661.506146	7.336286	7.446049	0.985259	152
5662.527154	6.454175	7.447156	0.866663	153
5663.577241	7.153562	7.448754	0.960370	154
5664.605043	7.351315	7.453400	0.986304	155
5665.648497	6.930410	7.441902	0.931269	156
5666.662783	6.836421	7.456522	0.916838	157
5667.715931	6.730363	7.451617	0.903208	158
5668.732192	6.466319	7.446994	0.868313	159
5669.784791	7.238957	7.459967	0.970374	160
5670.802666	6.748663	7.449684	0.905899	161
5671.851665	7.375264	7.448286	0.990196	162
5672.872974	6.365529	7.446858	0.854794	163
5673.921539	7.426889	7.455211	0.996201	164
5674.940284	6.280482	7.471670	0.840573	165
5675.994765	7.147908	7.463216	0.957752	166
5677.000962	6.139672	7.472620	0.821622	167
5678.074640	7.164276	7.456743	0.960778	168
5679.058112	6.124725	7.460531	0.820950	169
5680.155908	7.008066	7.462799	0.939067	170
5681.115530	6.459378	7.454991	0.866450	171
5682.243946	7.124210	7.460176	0.954965	172
5683.180787	6.969529	7.451061	0.935374	173
5684.299342	6.630507	7.466641	0.888017	174
5685.258655	6.793599	7.463389	0.910257	175
5686.357287	6.429283	7.470802	0.860588	176
5687.340434	6.959910	7.472196	0.931441	177
5688.412955	6.879968	7.457086	0.922608	178
5689.421281	6.655617	7.468692	0.891136	179
5690.474592	7.015787	7.459201	0.940555	180
5691.493590	6.640082	7.469430	0.888968	181
5692.542786	7.193297	7.449724	0.965579	182
5693.560743	6.053596	7.456421	0.811864	183
5694.617171	7.336388	7.452930	0.984363	184
5695.624005	6.318761	7.469069	0.845990	185
5696.692301	7.252085	7.459876	0.972146	186
5697.685778	5.885411	7.426175	0.792522	187
5698.778529	7.535048	7.469622	1.008759	188
5699.749117	6.160666	7.444865	0.827505	189
5700.841371	7.351052	7.463868	0.984885	190
5701.815386	6.044855	7.461030	0.810190	191
5702.912873	6.885684	7.448318	0.924461	192
5703.881243	6.037882	7.464200	0.808912	193
5704.982843	7.028812	7.464258	0.941663	194
5705.951692	6.066525	7.445331	0.814809	195
5707.050792	6.810284	7.465093	0.912284	196
5708.022171	6.278262	7.469819	0.840484	197
5709.116442	7.017398	7.468341	0.939619	198
5710.096282	5.903054	7.465956	0.790663	199
5711.180058	7.159915	7.464230	0.959230	200
5712.170902	6.184884	7.456082	0.829508	201
5713.242427	7.158092	7.443583	0.961646	202
5714.247313	5.615002	7.427786	0.755946	203
5715.304889	7.563601	7.446456	1.015732	204
5716.320764	6.350396	7.449187	0.852495	205
5717.369976	7.366124	7.462217	0.987123	206
5718.392267	6.266166	7.465784	0.839318	207
5719.440222	6.951623	7.474388	0.930059	208
5720.457888	6.492432	7.465299	0.869682	209
5721.515578	6.775865	7.459740	0.908324	210
5722.517843	7.105980	7.470376	0.951221	211
5723.596845	6.528301	7.445798	0.876777	212
5724.574700	6.942968	7.463061	0.930311	213
5725.679205	6.373927	7.463539	0.854009	214
5726.634524	6.756236	7.453666	0.906431	215
5727.751718	6.304411	7.461334	0.844944	216
5728.700547	6.590325	7.457231	0.883750	217
5729.818687	6.863202	7.451426	0.921059	218
5730.774805	6.158086	7.466851	0.824723	219
5731.880137	7.186548	7.473783	0.961568	220
5732.853791	5.829425	7.471674	0.780203	221
5733.940733	7.355249	7.477219	0.983688	222
5734.941051	6.369026	7.460934	0.853650	223
5736.003078	7.117315	7.442519	0.956305	224
5737.004937	6.024120	7.465096	0.806971	225
5738.069165	7.027278	7.458326	0.942206	226
5739.078080	6.178999	7.460249	0.828256	227
5740.144572	7.800055	7.479667	1.042835	228
5741.147538	5.960995	7.451746	0.799946	229
5742.204099	7.409209	7.478470	0.990739	230
5743.216331	5.953140	7.460711	0.797932	231
5744.273224	7.467030	7.461714	1.000712	232
5745.283852	5.755956	7.470575	0.770484	233
5746.346523	7.211077	7.458347	0.966847	234
5747.348065	5.680148	7.451848	0.762247	235
5748.420402	7.312974	7.453522	0.981144	236
5749.419930	6.347944	7.439423	0.853284	237
5750.497362	6.761764	7.454319	0.907094	238
5751.470272	6.072555	7.437572	0.816470	239
5752.574138	6.819744	7.446311	0.915855	240
5753.532459	6.300689	7.468089	0.843682	241
5754.648220	6.636036	7.459490	0.889610	242
5755.600191	6.552770	7.447485	0.879863	243
5756.715787	6.593122	7.467758	0.882878	244
5757.673138	6.821273	7.458326	0.914585	245
5758.778899	6.374402	7.448536	0.855793	246
5759.751299	6.952948	7.459961	0.932035	247
5760.836888	6.761511	7.440394	0.908757	248
5761.829664	6.915083	7.445512	0.928759	249
5762.897181	6.708040	7.474985	0.897398	250
