crossing time (s)	slope (V/s)	crossing number
7756.613055	2.342617	7019
7757.695893	2.789573	7020
7758.699718	2.402805	7021
7759.753615	2.849839	7022
7760.776134	2.208758	7023
7761.818493	2.833761	7024
7762.847727	2.651274	7025
7763.892327	2.611457	7026
7764.908473	2.693169	7027
7765.979743	2.760577	7028
7766.965831	2.841755	7029
7768.060840	2.558467	7030
7769.025990	2.623200	7031
7770.137318	2.867615	7032
7771.094574	2.604774	7033
7772.196407	2.882549	7034
7773.177074	2.156781	7035
7774.256493	3.061188	7036
7775.258820	2.557217	7037
7776.317112	3.057258	7038
7777.340167	2.456654	7039
7778.379218	2.817881	7040
7779.408591	2.561081	7041
7780.450440	2.859291	7042
7781.480617	2.598418	7043
7782.522063	2.966295	7044
7783.549931	2.523506	7045
7784.590242	2.779150	7046
7785.618085	2.712112	7047
7786.661626	2.959878	7048
7787.690798	2.555693	7049
7788.730603	2.973839	7050
7789.760667	2.574772	7051
7790.803145	2.893975	7052
7791.826890	2.332543	7053
7792.878123	3.161517	7054
7793.890373	2.557254	7055
7794.957576	3.171369	7056
7795.949138	2.674529	7057
7797.038290	3.050168	7058
7798.010443	2.836117	7059
7799.113974	2.861630	7060
7800.080662	2.648668	7061
7801.182773	2.841725	7062
7802.156747	2.915338	7063
7803.241418	2.993228	7064
7804.237110	2.779305	7065
7805.300195	3.069806	7066
7806.316218	2.875674	7067
7807.362190	2.972863	7068
7808.389663	2.744543	7069
7809.431777	3.085269	7070
7810.460463	2.667884	7071
7811.505389	3.055020	7072
7812.525059	2.587994	7073
7813.581667	3.211924	7074
7814.589170	2.647122	7075
7815.656938	3.229790	7076
7816.653659	2.748281	7077
7817.731554	3.180965	7078
7818.720551	2.728125	7079
7819.803127	3.199875	7080
7820.788896	2.724175	7081
7821.873150	3.201548	7082
7822.859389	2.719613	7083
7823.942427	3.293220	7084
7824.932305	2.689373	7085
7826.008103	3.303795	7086
7827.007305	2.677416	7087
7828.073703	3.302676	7088
7829.083019	2.746781	7089
7830.137223	3.286763	7090
7831.159091	2.659028	7091
7832.201161	3.186858	7092
7833.231144	2.760058	7093
7834.270359	3.189393	7094
7835.299985	2.959725	7095
7836.342974	3.102723	7096
7837.364455	3.045406	7097
7838.422592	3.239539	7098
7839.425610	3.211228	7099
7840.503788	3.011987	7100
7841.486057	3.076255	7101
7842.580429	3.198449	7102
7843.549842	2.942556	7103
7844.652476	3.272337	7104
7845.620939	2.944544	7105
7846.716860	3.222979	7106
7847.697305	2.672952	7107
7848.778787	3.333732	7108
7849.775883	2.976018	7109
7850.841226	3.371606	7110
7851.853639	2.710517	7111
7852.905782	3.317512	7112
7853.926189	2.797266	7113
7854.972932	3.383883	7114
7855.997905	2.856072	7115
7857.040759	3.308167	7116
7858.067970	2.796118	7117
7859.110716	3.329449	7118
7860.136808	2.838159	7119
7861.181983	3.411674	7120
7862.204380	2.895118	7121
7863.255659	3.463097	7122
7864.269584	2.897430	7123
7865.330514	3.497296	7124
7866.332299	2.852232	7125
7867.407473	3.385552	7126
7868.393847	2.923986	7127
7869.484011	3.342201	7128
7870.458323	2.945993	7129
7871.557252	3.231384	7130
7872.528753	3.015256	7131
7873.624542	3.197430	7132
7874.603099	3.164824	7133
7875.687847	3.293013	7134
7876.680592	3.136297	7135
7877.748805	3.374039	7136
7878.758529	3.263550	7137
7879.811132	3.380118	7138
7880.833608	3.110245	7139
7881.876339	3.310416	7140
7882.907195	3.112893	7141
7883.944476	3.287748	7142
7884.976633	3.007892	7143
7886.014703	3.415856	7144
7887.045698	2.967153	7145
7888.087001	3.397357	7146
7889.114451	2.999664	7147
7890.157320	3.490832	7148
7891.182346	2.873749	7149
7892.229268	3.523134	7150
7893.251385	2.937468	7151
7894.299129	3.494805	7152
7895.321089	2.955725	7153
7896.368260	3.528292	7154
7897.391359	3.039359	7155
7898.436386	3.502642	7156
7899.462649	2.913266	7157
7900.503800	3.560308	7158
7901.533855	3.006806	7159
7902.571876	3.420476	7160
7903.604788	3.070160	7161
7904.640680	3.440906	7162
7905.673544	3.178653	7163
7906.711568	3.469311	7164
7907.741503	3.238809	7165
7908.784369	3.389153	7166
7909.807052	3.274699	7167
7910.861519	3.445117	7168
7911.869473	3.447824	7169
7912.939063	3.387349	7170
7913.931465	3.436960	7171
7915.015989	3.421367	7172
7915.994594	3.300054	7173
7917.088933	3.328140	7174
7918.062673	3.285322	7175
7919.158880	3.511425	7176
7920.135031	3.036934	7177
7921.224187	3.576714	7178
7922.209266	3.111065	7179
7923.287969	3.615581	7180
7924.284707	3.091296	7181
7925.351760	3.714166	7182
7926.358975	3.076665	7183
7927.417413	3.683770	7184
7928.433063	3.099580	7185
7929.484617	3.686504	7186
7930.503384	3.054833	7187
7931.554546	3.631432	7188
7932.572657	3.069389	7189
7933.624736	3.711671	7190
7934.640736	3.040044	7191
7935.697352	3.695837	7192
7936.706245	3.117003	7193
7937.770629	3.637489	7194
7938.770678	3.140207	7195
7939.846436	3.668540	7196
7940.833487	3.173189	7197
7941.919577	3.629505	7198
7942.899539	3.224700	7199
7943.993227	3.559307	7200
7944.968803	3.255846	7201
7946.061786	3.520052	7202
7947.040735	3.393509	7203
7948.127732	3.570373	7204
7949.115879	3.347343	7205
7950.191372	3.550938	7206
7951.191192	3.448638	7207
7952.254225	3.594170	7208
7953.267299	3.411558	7209
7954.318480	3.547848	7210
7955.340638	3.434782	7211
7956.384163	3.524167	7212
7957.413894	3.340798	7213
7958.450989	3.525397	7214
7959.484529	3.445142	7215
7960.520245	3.576504	7216
7961.555120	3.322513	7217
7962.589361	3.589938	7218
7963.624735	3.383178	7219
7964.658203	3.694520	7220
7965.694028	3.433145	7221
7966.728270	3.661418	7222
7967.763306	3.422816	7223
7968.796730	3.673639	7224
7969.833989	3.427058	7225
7970.867413	3.594955	7226
7971.903025	3.322922	7227
7972.937013	3.551985	7228
7973.971507	3.478152	7229
7975.006916	3.619524	7230
7976.040396	3.473020	7231
7977.078846	3.569716	7232
7978.106970	3.504659	7233
7979.151702	3.697318	7234
7980.172824	3.576703	7235
7981.227234	3.617450	7236
7982.237218	3.648980	7237
7983.302416	3.609534	7238
7984.300247	3.549423	7239
7985.379591	3.398892	7240
7986.364337	3.661333	7241
