time (s)	theta (A)	maj axis/z0	min axis/z0	crossing#mod 255
2679.245778	156.754227	0.554026	-0.192241	187
2681.317807	157.442032	0.557131	-0.191104	189
2683.385787	157.783066	0.557696	-0.189067	191
2685.453537	157.688629	0.557577	-0.187848	193
2687.517762	157.366791	0.555863	-0.186693	195
2689.585935	157.402496	0.555117	-0.185336	197
2691.653344	157.573990	0.553980	-0.184315	199
2693.723690	157.792938	0.554754	-0.183501	201
2695.793530	158.065933	0.555000	-0.183590	203
2697.862239	158.237549	0.556055	-0.183426	205
2699.929547	158.045013	0.558620	-0.183839	207
2701.992219	156.991989	0.559241	-0.184982	209
2704.048870	155.266418	0.557189	-0.186250	211
2706.104679	153.095215	0.551580	-0.187779	213
2708.160755	151.302658	0.544744	-0.187824	215
2710.226093	150.559418	0.538546	-0.185641	217
2712.299925	151.434433	0.536859	-0.181526	219
2714.380571	153.571335	0.539427	-0.177426	221
2716.460169	155.707306	0.545576	-0.175768	223
2718.537236	157.173965	0.550862	-0.175107	225
2720.610879	157.755966	0.555148	-0.175624	227
2722.680679	157.825974	0.557258	-0.175908	229
2724.749417	157.703293	0.557204	-0.175719	231
2726.817463	157.502289	0.557178	-0.175366	233
2728.885763	157.307098	0.557655	-0.174694	235
2730.952284	157.021301	0.557105	-0.173554	237
2733.017226	156.567108	0.557470	-0.172590	239
2735.079381	155.675232	0.557415	-0.171636	241
2737.136832	154.395309	0.553852	-0.171348	243
2739.192773	153.045898	0.547792	-0.172234	245
2741.250356	152.152298	0.540323	-0.173406	247
2743.314948	151.961288	0.535245	-0.174413	249
2745.386335	152.446075	0.537056	-0.174282	251
2747.465866	153.163773	0.541667	-0.173222	253
2749.544062	154.041916	0.547050	-0.172164	255
2751.621235	155.006454	0.551518	-0.170221	1
2753.695357	155.740128	0.554105	-0.168337	3
2755.766842	156.275589	0.555696	-0.167008	5
2757.835995	156.522186	0.557012	-0.166460	7
2759.905162	156.629456	0.557470	-0.165750	9
2761.972839	156.659348	0.557027	-0.164783	11
2764.039479	156.455093	0.557138	-0.164404	13
2766.105125	156.000107	0.557546	-0.164492	15
2768.167336	155.245468	0.557488	-0.165506	17
2770.228319	154.130020	0.555403	-0.166166	19
2772.286401	152.790131	0.551615	-0.166918	21
2774.345123	151.434769	0.546703	-0.167473	23
2776.407024	150.427490	0.541855	-0.166719	25
2778.475711	150.330505	0.538638	-0.164585	27
2780.550013	151.268387	0.537584	-0.161012	29
2782.627889	152.870728	0.540581	-0.158092	31
2784.705393	154.484451	0.544167	-0.155579	33
2786.780944	155.519012	0.548432	-0.155195	35
2788.853480	156.104462	0.551930	-0.154884	37
2790.924208	156.337753	0.553450	-0.154512	39
2792.993098	156.319717	0.554561	-0.153996	41
2795.060564	156.120590	0.555845	-0.153702	43
2797.126215	155.669907	0.555905	-0.153178	45
2799.189974	155.055344	0.555960	-0.152895	47
2801.250862	154.226151	0.554339	-0.152564	49
2803.310247	153.291351	0.551614	-0.152505	51
2805.368737	152.452744	0.546660	-0.152915	53
2807.429838	151.939819	0.539926	-0.153593	55
2809.496850	151.852753	0.536433	-0.154295	57
2811.568422	152.228592	0.536067	-0.153080	59
2813.643382	152.750870	0.539328	-0.152483	61
2815.719732	153.363220	0.543463	-0.151337	63
2817.795113	153.962738	0.548537	-0.150587	65
2819.868267	154.483337	0.552179	-0.149920	67
2821.939989	154.878937	0.553737	-0.148433	69
2824.009629	155.037048	0.555290	-0.147791	71
2826.077268	155.028061	0.556146	-0.147418	73
2828.144031	154.799423	0.556420	-0.147302	75
2830.209177	154.455460	0.556745	-0.147315	77
2832.271194	153.745316	0.554762	-0.147067	79
2834.332170	152.794662	0.552727	-0.147819	81
2836.392641	151.840179	0.547952	-0.147479	83
2838.454756	150.992905	0.544762	-0.147288	85
2840.519983	150.541840	0.540687	-0.146023	87
2842.590047	150.745087	0.538534	-0.143718	89
2844.663592	151.586777	0.539207	-0.141021	91
2846.739422	152.665695	0.541670	-0.138454	93
2848.814975	153.787369	0.545568	-0.137012	95
2850.889290	154.571457	0.549630	-0.136319	97
2852.961288	155.076660	0.552542	-0.135631	99
2855.031751	155.237457	0.553025	-0.134815	101
2857.100254	155.126251	0.554194	-0.134697	103
2859.166586	154.840256	0.554181	-0.134063	105
2861.231111	154.344696	0.553761	-0.133758	107
2863.293610	153.739609	0.551728	-0.133273	109
2865.354474	153.033508	0.548989	-0.132946	111
2867.415448	152.400528	0.545245	-0.133454	113
2869.477367	151.977692	0.541210	-0.133832	115
2871.542463	151.801437	0.538830	-0.134557	117
2873.611779	151.864166	0.538306	-0.134576	119
2875.685077	152.154953	0.539783	-0.133936	121
2877.759381	152.471008	0.542962	-0.133499	123
2879.833938	152.988632	0.547288	-0.132491	125
2881.907037	153.310150	0.549773	-0.131747	127
2883.978403	153.547577	0.552342	-0.130915	129
2886.047048	153.606628	0.554259	-0.130642	131
2888.114829	153.584854	0.554966	-0.130741	133
2890.181504	153.373306	0.554938	-0.130467	135
2892.245939	152.974411	0.554269	-0.130444	137
2894.308990	152.381561	0.552062	-0.130068	139
2896.371154	151.688492	0.549603	-0.130096	141
2898.433642	150.978073	0.547281	-0.130471	143
2900.498542	150.573914	0.544742	-0.129748	145
2902.566671	150.543884	0.543124	-0.127928	147
2904.638214	150.956985	0.543088	-0.125919	149
2906.711865	151.666351	0.544077	-0.123984	151
2908.786325	152.567795	0.546225	-0.121873	153
2910.860475	153.330215	0.549590	-0.120639	155
2912.932747	153.810165	0.551767	-0.119859	157
2915.003365	154.020325	0.553458	-0.119291	159
2917.072186	154.062073	0.554948	-0.118916	161
2919.139062	153.877747	0.555040	-0.118569	163
2921.204490	153.614349	0.554617	-0.118103	165
2923.267836	153.110550	0.553264	-0.117884	167
2925.329874	152.639328	0.550267	-0.117503	169
2927.391993	152.169403	0.547617	-0.117725	171
2929.454628	151.809082	0.543938	-0.118446	173
2931.520146	151.687210	0.541766	-0.118914	175
2933.588839	151.720200	0.541292	-0.119031	177
2935.660482	151.845566	0.542253	-0.118972	179
2937.733322	152.056259	0.543728	-0.118184	181
2939.806221	152.293167	0.545747	-0.117522	183
2941.878676	152.529922	0.548409	-0.116824	185
2943.949468	152.678360	0.550215	-0.115921	187
2946.018818	152.701035	0.551372	-0.115597	189
2948.086760	152.609818	0.551649	-0.114985	191
2950.152720	152.405029	0.550694	-0.114708	193
2952.217007	152.034348	0.549994	-0.114358	195
2954.280682	151.548935	0.549233	-0.114936	197
2956.344181	151.064560	0.547492	-0.114738	199
2958.408868	150.651108	0.546206	-0.114499	201
2960.475551	150.456635	0.543711	-0.113573	203
2962.542579	150.500076	0.543018	-0.112740	205
2964.616508	150.937164	0.542381	-0.110427	207
2966.688838	151.592056	0.543896	-0.108446	209
2968.762311	152.294510	0.547892	-0.107125	211
2970.835144	152.827530	0.550621	-0.106207	213
2972.906400	153.152405	0.552279	-0.105498	215
2974.975715	153.281448	0.553922	-0.105069	217
